id	baseMean	log2FoldChange	lfcSE	stat	pvalue	padj
__alignment_not_unique	3700.99712062399	-2.13199002021927	0.0883244821965377	-24.1381547584419	9.94356200040238e-129	2.9134636661179e-126
ENSG00000206028.1	103.69171260191	3.42504747932313	0.292493024580224	11.7098432834036	1.13489192973462e-31	1.66261667706121e-29
ENSG00000280007.1	76.3671808304744	3.74653478127338	0.350171065849465	10.6991557745779	1.02709697740316e-26	1.00313138126375e-24
ENSG00000279833.1	61.4782601576649	3.44422329052249	0.370075635395401	9.30680909820656	1.31730365913543e-20	9.64924930316703e-19
ENSG00000218537.1	250.70548314332	-1.63992457050365	0.177898828217002	-9.21829888898013	3.01850760429842e-20	1.76884545611887e-18
__not_aligned	75106.6291434278	-0.526096363712634	0.061442696717882	-8.56239051694359	1.10551004157338e-17	5.39857403635001e-16
ENSG00000224086.5	147.199284301206	-1.51107319510466	0.203988144998981	-7.40765202366154	1.28555081110115e-13	5.38094839503768e-12
ENSG00000224883.1	28.2455195013044	4.07663768155018	0.61060907311162	6.67634639095015	2.44972573387586e-11	8.97212050032032e-10
ENSG00000128250.5	31.9133644845273	7.55347172402139	1.2419224218835	6.08208016130816	1.18633226135325e-09	3.86217058418337e-08
ENSG00000279184.1	32.7935760512486	-7.48954894358871	1.23903413364837	-6.04466716468538	1.4971875174547e-09	4.38675942614226e-08
ENSG00000182541.17	22.2605185444989	3.59254273647716	0.627421523522765	5.72588379867209	1.02896636665694e-08	2.7407922311862e-07
__too_low_aQual	1459.18643120562	-0.460456265182305	0.0834324436340376	-5.51891141055413	3.41106089176022e-08	8.32867367738122e-07
__no_feature	69470.5032048017	-0.275252309267775	0.0538017050806547	-5.11605178414217	3.11997436763782e-07	7.0319422285991e-06
ENSG00000100242.15	22.2610780454391	-2.79067151391248	0.58663041152051	-4.75712042728782	1.96374029513468e-06	4.10982790338901e-05
ENSG00000100023.17	30.3438427292073	1.97000817333417	0.446718227972963	4.4099569929647	1.03391150588488e-05	0.00020195738081618
ENSG00000100395.14	14.1775630197372	3.36792975741549	0.773881177497088	4.3519985436371	1.34902158422222e-05	0.000247039577610693
ENSG00000270393.1	9.88820832239825	5.84769113130351	1.36789788409922	4.27494712820195	1.9118265878093e-05	0.000329508935428308
ENSG00000100413.16	128.738758386664	0.880121638627014	0.208096888029255	4.22938395168737	2.34332118414615e-05	0.000381440614974902
ENSG00000232775.6	11.7620915315924	-4.05146144936056	0.966144265073886	-4.193433212638	2.7476399855011e-05	0.000423715008290432
ENSG00000243762.1	18.8193142874452	-2.43680400054421	0.617722557425642	-3.94481951687112	7.98601047531621e-05	0.00116995053463383
ENSG00000099974.7	40.0594521609065	-1.52807548185718	0.390043785631934	-3.91770241738744	8.93969702028927e-05	0.00124730058425941
ENSG00000228620.1	9.95180415219897	4.34513789341643	1.11511101033366	3.89659670934132	9.75538633804971e-05	0.00127972179164388
ENSG00000236754.5	11.3300253877907	3.73868214435145	0.961435282920675	3.88864670432521	0.000100804730865174	0.00127972179164388
ENSG00000015475.18	20.4116901822056	2.12791156671317	0.548551488266617	3.87914646524288	0.000104823627984481	0.00127972179164388
ENSG00000198911.11	9.25992336464889	3.79872394617957	1.00421310280435	3.78278667702235	0.00015508231889454	0.0018098839019784
ENSG00000281732.1	8.66813636006914	4.7117756433627	1.24845921791126	3.77407253337899	0.000160604032257469	0.0018098839019784
ENSG00000212939.2	7.22717872593706	-5.27761629829133	1.43054165818716	-3.68924334924949	0.000224922001058006	0.00244082023370355
ENSG00000280156.1	5.26260533896369	-5.8094965079353	1.62578593818946	-3.57334650981481	0.000352447872059612	0.00358497617123689
ENSG00000100218.11	8.97310419430454	3.41845995193467	0.957126793869215	3.57158526313472	0.000354826993057576	0.00358497617123689
ENSG00000280178.1	6.31730167083206	-5.09096207570118	1.47524013114955	-3.45093789696065	0.000558642099749202	0.00545607117421721
ENSG00000274457.1	6.84614507448633	4.40619994318648	1.30594584890216	3.37395302178152	0.000740970119920972	0.00677651337680952
ENSG00000099957.16	8.64156568770014	3.59131128156428	1.06839223503197	3.36141649462365	0.000775438000251358	0.00677651337680952
ENSG00000235237.1	4.06015389279916	-5.45346172902891	1.62342049056983	-3.35924165101225	0.000781566910587747	0.00677651337680952
ENSG00000170638.9	10.6895550590294	2.73400636930015	0.814285089692465	3.35755425698967	0.000786353088093938	0.00677651337680952
ENSG00000279159.1	234.713262686305	0.527702693694717	0.157895361124596	3.34210384609277	0.0008314594748791	0.00696050360398789
ENSG00000272694.1	10.2760869201053	2.82253217308249	0.847796022789961	3.32925856834524	0.00087077522645492	0.00708714281531366
ENSG00000271275.1	5.43652131366927	4.96805441504852	1.49872581614114	3.31485209739034	0.000916916247118527	0.00726098541637104
ENSG00000269987.1	60.9691203726185	-1.01032101575843	0.307764810063941	-3.28276977328411	0.00102792578365003	0.00792584880551204
ENSG00000100416.12	3.77349535090257	-5.34001197074882	1.63247803201116	-3.27110801250421	0.00107126985943371	0.00804825817471994
ENSG00000273212.1	18.1845292267485	-1.82349692442925	0.570135039903742	-3.19835968113294	0.00138211776514817	0.0101240126297104
ENSG00000282816.1	3.54032278950848	5.35022568502597	1.70917148075182	3.13030362680316	0.00174625708839546	0.0124793494365822
ENSG00000215270.3	3.39245605170297	-5.18971711932375	1.67764971444937	-3.0934449990516	0.00197847222481239	0.0135821203865626
ENSG00000269972.1	41.6600810376986	-1.1932906881533	0.386024347055291	-3.09123167296592	0.00199328046628735	0.0135821203865626
ENSG00000231933.7	3.42599898300482	-5.19481939853318	1.70849494454707	-3.04058224761697	0.00236121191432416	0.0157235247931131
ENSG00000100099.20	12.4822267186305	2.09965816071787	0.693939344675538	3.0257084813365	0.00248051332079884	0.0161508978443125
ENSG00000249310.2	4.63864688697166	-4.61336830391221	1.54385931098333	-2.98820512406264	0.00280621145357632	0.0178743468673448
ENSG00000100417.11	4.26971661832045	4.59493454233466	1.58063927751698	2.90701022535187	0.00364901269484411	0.0227481004167941
ENSG00000183628.12	19.5571089650394	1.63145106816229	0.570284704398554	2.86076595703699	0.00422618913105186	0.0257973628207957
ENSG00000273387.1	9.2155866085803	-2.34412662252082	0.837113457957421	-2.80024959608288	0.00510631070988813	0.030533653836678
ENSG00000279010.1	124.450968299077	0.581776572924881	0.211336822360307	2.75284054348567	0.00590806647141776	0.0344888333816244
ENSG00000233360.4	18.9136245533014	-1.5377123749025	0.559654960482072	-2.74760787178221	0.00600317577632369	0.0344888333816244
ENSG00000100226.15	62.6624992427654	0.787825264337242	0.299748643456217	2.62828633769052	0.00858162465646438	0.0483541543143089
ENSG00000100033.16	7.43117309611407	2.68200832881736	1.03279934298054	2.59683388360548	0.00940874141453664	0.0520143629143252
ENSG00000230149.2	7.15031930011815	2.47281407479961	0.966102438119621	2.55957751189676	0.0104799482281853	0.056863422793672
ENSG00000100285.9	4.27940368027991	3.66690593215537	1.44160282920732	2.54363119845682	0.0109706848584077	0.0584438302456991
ENSG00000272821.1	14.8617866919744	-1.63322385618672	0.648839667322301	-2.51714551135087	0.0118309956411214	0.0617435295513001
ENSG00000100426.6	17.1711578081126	1.49106987775682	0.593624825802094	2.51180512159699	0.0120115398785806	0.0617435295513001
ENSG00000231010.1	7.4153480283666	2.30507245048614	0.936072222585872	2.46249423374453	0.0137974391462709	0.0697008563768514
ENSG00000183963.18	7.67594144736716	2.14257422346263	0.880476182586987	2.43342666824603	0.0149566647220711	0.0742763180265563
ENSG00000226872.1	2.14109557548674	4.62967908162643	1.91415973381648	2.4186482454083	0.0155782963721652	0.0760740139507402
ENSG00000268812.3	2.19227498917274	-4.55723003518376	1.89251768351445	-2.4080250741546	0.0160390793997408	0.0770401682643285
ENSG00000100234.11	10.140139241058	1.84168761460883	0.790416865174771	2.33002064575332	0.0198050599551726	0.0923868741639077
ENSG00000100201.18	2.13563177551945	-4.51088513604287	1.93729078938577	-2.3284502051822	0.0198882104158555	0.0923868741639077
ENSG00000093010.11	11.6907339447628	1.7076016433969	0.735090044045793	2.32298295593638	0.020180068076758	0.0923868741639077
ENSG00000227484.1	5.28350560808337	2.52040111074358	1.10020008806232	2.29085703418052	0.0219716836861473	0.0990415895390949
ENSG00000227188.1	3.95072198731439	2.88779208256147	1.31864499594168	2.18996931808718	0.0285264620630983	0.12664020279527
ENSG00000273253.2	10.7988643263287	-1.55883729763731	0.732398760321682	-2.12839969438594	0.0333039584703328	0.145642684056828
ENSG00000100196.10	22.607279227689	-1.06476647656111	0.504013505064633	-2.11257528987159	0.0346371355346899	0.149245304583296
ENSG00000225413.2	1.73761103502986	-4.22007689575593	2.03952063339098	-2.06915136168026	0.0385318852540103	0.163620904049638
ENSG00000184983.9	3.22013916022376	3.1600670656863	1.54044880981104	2.05139375327502	0.0402286168997869	0.166161962151974
ENSG00000100319.12	3.19898390330461	3.15110480741837	1.53915977205447	2.0472889589703	0.0406297213264368	0.166161962151974
ENSG00000100079.6	1.71568284267427	-4.20382362514655	2.05925892562616	-2.0414254724516	0.0412085547062899	0.166161962151974
ENSG00000224192.2	1.6535498336884	4.25580798786015	2.0866770826157	2.03951441424055	0.041398714119775	0.166161962151974
ENSG00000100191.5	3.75829929072639	2.77399952410084	1.38651687048096	2.00069655347113	0.0454251010792471	0.17924931143301
ENSG00000240591.1	18.4484755905266	1.07243475682215	0.537165825569632	1.99646869881363	0.0458829295476989	0.17924931143301
ENSG00000100197.20	11.2992667720034	1.42700693838177	0.72620248291649	1.96502624536725	0.0494111999689464	0.190493178827649
ENSG00000279652.1	12.9575211489095	-1.29190255095559	0.672913486491277	-1.91986425727898	0.0548750477291718	0.208810246553861
ENSG00000070010.18	7.2541159714573	-1.83191397482343	0.99076758192286	-1.84898457342346	0.0644600402945194	0.242138356490951
ENSG00000099901.16	18.1883214900606	-1.11957942823319	0.615576781251022	-1.81874863109342	0.0689497886640486	0.255725165551471
ENSG00000133454.15	1.54403196489933	-4.03679036164895	2.23234861335803	-1.80831539370393	0.0705574273722361	0.258416577750815
ENSG00000100028.11	3.35100369957929	-2.48731531154924	1.38422596484971	-1.79689976543626	0.0723515338883439	0.261716042336849
ENSG00000241527.1	1.35666289778113	3.96619731968707	2.23403975718335	1.77534768883773	0.0758404957277909	0.27033462150201
ENSG00000236499.2	1.38097330371864	-3.89417683179817	2.20482475074909	-1.76620696519082	0.0773611329426589	0.27033462150201
ENSG00000133422.12	1.93960691765485	3.40640385777844	1.93157065057768	1.76354090737488	0.0778093042111468	0.27033462150201
ENSG00000100146.16	7.28023357751418	1.52631242292992	0.867272117152017	1.75990025822817	0.0784247195483647	0.27033462150201
ENSG00000100129.17	1.96212080815928	-3.3293395858486	1.91844537852584	-1.73543621471616	0.082663570241845	0.281632861405356
ENSG00000183822.3	1.9899440529591	-3.31580126154431	1.93190355182578	-1.71633892303301	0.0861000282527676	0.289969060667367
ENSG00000230319.1	6.02081807478355	1.67917668249067	0.985150194577284	1.70448799760039	0.0882899564848412	0.291853682090765
ENSG00000100154.14	15.9356492964075	1.01652526276922	0.59705948597364	1.70255273829465	0.088651801044635	0.291853682090765
ENSG00000159496.14	57.6583346706949	0.516725661731561	0.304645838443813	1.6961520445219	0.0898570895734453	0.292534747166883
ENSG00000100104.12	19.5660009155423	-0.90304575119868	0.539689752219337	-1.67326829439531	0.0942744911070113	0.303543141696201
ENSG00000236054.1	1.76920353204533	3.27942210577963	2.00569953218837	1.63505153845329	0.102038243992254	0.324969624888375
ENSG00000172404.4	5.14659562341985	-1.81699429976913	1.12572221118171	-1.61406986707828	0.106512272524873	0.332016796736011
ENSG00000232530.1	1.2415640717086	-3.7379369901201	2.3158793266874	-1.61404652956024	0.106517334106434	0.332016796736011
ENSG00000235159.1	7.48471790175512	1.40165922122111	0.873155965774262	1.60527932713396	0.10843234657434	0.334428184697703
ENSG00000273188.1	2.37331787492135	-2.64347140794717	1.67968719932226	-1.57378791063824	0.115536489878503	0.352626995150014
ENSG00000093000.18	3.28149501674858	2.16961011429061	1.42979184323623	1.5174307536822	0.129157964242745	0.390136943537364
ENSG00000100298.15	1.20837805632893	3.7955845693171	2.52379107319184	1.5039218616923	0.132601487250727	0.392446825903665
ENSG00000272829.1	1.20837805632893	3.7955845693171	2.52379107319184	1.5039218616923	0.132601487250727	0.392446825903665
ENSG00000099960.12	2.26615028867622	-2.57981312397202	1.72857672674256	-1.49244929892905	0.135581399323033	0.394419414062721
ENSG00000279182.1	3.73945019218632	1.95616302922458	1.31197648378967	1.49100464329525	0.13596027583732	0.394419414062721
ENSG00000100077.14	1.42655092524488	-3.92304774138677	2.65646822769722	-1.47679076319595	0.13973173332204	0.401386253562331
ENSG00000100241.20	7.85099648672851	1.28778273522086	0.87768409628479	1.46725084876439	0.142307829030503	0.402257578220369
ENSG00000279219.1	1.05990286307501	3.6019116091385	2.45625669998237	1.46642311822065	0.14253305202168	NA
ENSG00000100027.14	20.3511342329341	-0.788401267165795	0.537969263210612	-1.46551359172567	0.142780846876855	0.402257578220369
ENSG00000100239.15	17.7482018648193	0.79372675067132	0.54581384123046	1.45420780990452	0.145888700390711	0.407098944899793
ENSG00000237387.1	1.5943966880023	-2.971999229523	2.05393570999322	-1.44697772917771	0.147903161182677	0.408826662514381
ENSG00000231711.2	1.01752889863613	3.55070821098298	2.46414039207694	1.44095207497094	0.149598222685723	NA
ENSG00000279110.1	7.51726881218165	-1.26654641120251	0.882165286661797	-1.43572460892817	0.15108071983321	0.413089420609545
ENSG00000254835.1	16.1378675802534	-0.813042447237598	0.567935010269318	-1.43157655812071	0.152265042408979	0.413089420609545
ENSG00000100342.20	1.0437903892302	-3.4954731032653	2.4568389245139	-1.42275224817878	0.154807988534081	NA
ENSG00000184164.14	3.36517098111226	-1.92110562546213	1.35642464753821	-1.41630103002682	0.156687386400525	0.41883275349879
ENSG00000100065.14	1.16546604123253	-3.6361810444744	2.57186669117444	-1.41382951805093	0.157411964400163	0.41883275349879
ENSG00000237446.1	0.996310191116408	3.52490883144053	2.50060846949661	1.40962044815841	0.158651785830585	NA
ENSG00000183569.17	15.9584866175203	-0.814279629779682	0.577684640651168	-1.40955734752065	0.158670428799883	0.41883275349879
ENSG00000073146.15	2.24322033532956	2.49105501012078	1.79163908231834	1.3903776908558	0.164414217248515	0.430119336194776
ENSG00000079974.17	2.58256744357586	-2.11743608267383	1.55781709928939	-1.35923279031904	0.174072833756893	0.451356993723624
ENSG00000100003.17	9.10528078159962	-1.04756821224584	0.777710573274087	-1.34698980346336	0.177983516671748	0.456281498628004
ENSG00000233739.1	7.0909611165587	1.17109672844839	0.871628835976373	1.34357272282825	0.179086595024643	0.456281498628004
ENSG00000249288.1	0.94823754193134	-3.34632853210619	2.52297334109645	-1.32634319895426	0.184726043986888	NA
ENSG00000278960.1	0.928782725108552	-3.32073507524708	2.55985027852237	-1.29723800767126	0.19454930696706	NA
ENSG00000130489.12	15.2198372126888	0.795495250574053	0.624210658220614	1.27440190278344	0.20252101832935	0.507921143227653
ENSG00000100314.3	9.82931756529692	-0.960587063629122	0.75491669405449	-1.27244114641315	0.20321642244522	0.507921143227653
ENSG00000233603.1	1.97458764959589	-2.29110863456299	1.80589976113521	-1.26867984805689	0.204555272699191	0.507921143227653
ENSG00000100092.20	1.49318760480198	-2.83616249177599	2.25369619624099	-1.25844934046857	0.208229297376406	0.512699026313335
ENSG00000185608.8	3.35867447073788	-1.6021313406216	1.28622205473966	-1.24561022314757	0.212907527266828	0.519849212409839
__ambiguous	78.5182828913977	0.334179979621632	0.270040145158642	1.23751962666629	0.21589423250217	0.522785207629222
ENSG00000099949.18	14.4837458476166	0.753716389818274	0.615116627287874	1.22532273780584	0.220453644612089	0.529450146486411
ENSG00000205632.2	1.06991319393366	-3.50716714112221	2.91904031757033	-1.20147951366475	0.229565248586098	NA
ENSG00000215193.12	1.06991319393366	-3.50716714112221	2.91904031757033	-1.20147951366475	0.229565248586098	NA
ENSG00000279217.1	1.06991319393366	-3.50716714112221	2.91904031757033	-1.20147951366475	0.229565248586098	NA
ENSG00000279440.1	1.06991319393366	-3.50716714112221	2.91904031757033	-1.20147951366475	0.229565248586098	NA
ENSG00000099899.14	1.94228255323041	-2.2392187081783	1.87144613011544	-1.19651785437189	0.231494535372175	0.547767957582478
ENSG00000225450.1	23.2310335812079	0.595679518059958	0.498191415154801	1.19568402814582	0.231819886485417	0.547767957582478
ENSG00000200985.1	1.27419521480386	-2.60404508334268	2.20941726524086	-1.17861172007217	0.238552822596197	0.554225461237388
ENSG00000276162.1	1.25474039798107	-2.58292895170424	2.19764087437449	-1.17531894397414	0.239867138273618	0.554225461237388
ENSG00000203280.4	3.40759333006857	1.47824907835447	1.26969317834928	1.16425692723367	0.244319906354595	0.554225461237388
ENSG00000279933.1	10.7494102429308	-0.847131028450425	0.730045368536212	-1.16038134746198	0.245893577578151	0.554225461237388
ENSG00000099995.18	0.811301685454103	-3.11670057193844	2.69299122559327	-1.15733781169369	0.247134370884659	NA
ENSG00000222044.1	4.54663835476973	1.38104438895929	1.19534677059975	1.15535041623643	0.247946957972028	0.554225461237388
ENSG00000128272.14	1.1756834626331	2.61293150465353	2.27414040848404	1.14897545239756	0.250566102915289	0.554225461237388
ENSG00000182841.12	2.70238300599295	-1.721297326317	1.50290590560372	-1.14531277034643	0.25207961782069	0.554225461237388
ENSG00000198089.14	15.6871315461931	0.674285647560968	0.589828012025371	1.14319027549333	0.25295959891616	0.554225461237388
ENSG00000244296.3	1.21165694870634	-2.55755432773188	2.24600218268633	-1.1387140882797	0.254822424701517	0.554225461237388
ENSG00000183172.8	0.865471523574592	-3.22941052398742	2.83773712094689	-1.13802314532568	0.255110817768072	NA
ENSG00000234409.6	2.14811437673736	1.88301472448868	1.6549948165103	1.13777681096257	0.25521369026018	0.554225461237388
ENSG00000100311.16	1.84055711482655	2.14611546980991	1.88976832467745	1.13565003804168	0.25610305821464	0.554225461237388
ENSG00000184058.12	0.789373493098517	-3.08161078501101	2.71623690633958	-1.1345147316932	0.2565786978299	NA
ENSG00000184381.18	0.789373493098517	-3.08161078501101	2.71623690633958	-1.1345147316932	0.2565786978299	NA
ENSG00000230637.2	0.789373493098517	-3.08161078501101	2.71623690633958	-1.1345147316932	0.2565786978299	NA
ENSG00000244491.1	9.83716378905365	0.846847168483248	0.747496294264631	1.13291152742952	0.257251408628958	0.554225461237388
ENSG00000183765.20	3.26777884094688	-1.5267245142871	1.35360912299804	-1.1278917143419	0.259365653526377	0.554701726154953
ENSG00000175329.12	0.862998148041794	-3.22459031539195	2.87330624997473	-1.12225778766893	0.261752848571635	NA
ENSG00000185065.6	3.29564473962856	-1.47861602639476	1.32282461809574	-1.117771778789	0.263664477496703	0.556566808038849
ENSG00000070413.18	1.94653144244044	2.24350877620917	2.00869146921283	1.11690063436589	0.264036813369966	0.556566808038849
ENSG00000099956.17	0.769918676275729	-3.0508504498104	2.73785405501869	-1.11432179674368	0.265141159349899	NA
ENSG00000100290.2	1.63124409557146	2.13796803325169	1.92863095978314	1.1085417987338	0.26762789780066	0.560106957539953
ENSG00000167077.12	0.850211319099679	-3.17797640343983	2.89886293818716	-1.09628377443302	0.2729546078009	NA
ENSG00000183741.11	0.850211319099679	-3.17797640343983	2.89886293818716	-1.09628377443302	0.2729546078009	NA
ENSG00000133424.20	0.808828309921305	-3.1129475800687	2.91863164080539	-1.0665777539538	0.286162550449067	NA
ENSG00000279597.1	0.813775060986902	-3.12281360648308	2.94115857111861	-1.06176308790294	0.28834325087119	NA
ENSG00000232710.1	2.43587190080016	1.60720630154948	1.52167119741813	1.05621129208234	0.290871692903994	0.604435503694115
ENSG00000099917.17	0.891594328278053	-3.24364626147399	3.1116977003957	-1.04240404235332	0.297224393140528	NA
ENSG00000185651.14	2.57480653275324	-1.48547131058752	1.43694858423201	-1.03376789322037	0.30124468471743	0.621582342409908
ENSG00000280341.1	0.767445300742931	-3.04525199393795	2.97138191724762	-1.02486051229616	0.305429009005127	NA
ENSG00000184319.15	6.31318655929719	-0.998894224824646	0.975910632170161	-1.023550919415	0.306047437495188	0.623421714087109
ENSG00000250261.1	8.57506863232765	-0.817338211606625	0.799100374007101	-1.0228229621619	0.306391559141787	0.623421714087109
ENSG00000233733.1	0.720705413329436	3.04393762557941	3.05439283446597	0.996576992727137	0.318969878122918	NA
ENSG00000223843.4	1.02628076471925	2.32486876238521	2.37531975567138	0.978760336091296	0.327698411987456	NA
ENSG00000099991.16	1.26069890102589	-2.54061004642543	2.60581777478614	-0.97497609810185	0.329572116335361	0.665962966112144
ENSG00000241973.10	9.35735218235855	-0.72465264436064	0.74707110837963	-0.969991525883507	0.332050716112741	0.666375752198856
ENSG00000128346.10	22.8438581579787	-0.466363835319795	0.48415983498486	-0.963243544013473	0.335425317707376	0.668568830532389
ENSG00000167065.13	4.12260185752351	1.11385828752605	1.16457904034683	0.956447135777338	0.338846380393336	0.670824253075997
ENSG00000099998.17	0.65243763662128	-2.80086991791033	2.93375799522018	-0.95470380395167	0.339727505658141	NA
ENSG00000100216.5	0.65243763662128	-2.80086991791033	2.93375799522018	-0.95470380395167	0.339727505658141	NA
ENSG00000100296.13	0.65243763662128	-2.80086991791033	2.93375799522018	-0.95470380395167	0.339727505658141	NA
ENSG00000100302.6	0.65243763662128	-2.80086991791033	2.93375799522018	-0.95470380395167	0.339727505658141	NA
ENSG00000273096.1	0.65243763662128	-2.80086991791033	2.93375799522018	-0.95470380395167	0.339727505658141	NA
ENSG00000248409.1	0.678394899491141	2.96534283540402	3.12006017079444	0.950412066780422	0.3419029150047	NA
ENSG00000279006.1	4.93022528583328	-0.960249041692977	1.01805293356296	-0.943221133239423	0.345567805987289	0.677218897668766
ENSG00000229598.1	4.96818661810022	-1.00727945841447	1.07042233460965	-0.941011249341876	0.346699094369675	0.677218897668766
ENSG00000100100.12	4.990290176398	-0.961174315985797	1.02955560877611	-0.933581739337421	0.350519688404853	0.680147474851801
ENSG00000188263.10	0.693820645799654	-2.88203574476425	3.11958554722424	-0.923852127513748	0.355563310705845	NA
ENSG00000229999.6	2.3558775933557	-1.36166542709891	1.49153987330251	-0.912925930759035	0.361281498533786	0.696417625463153
ENSG00000100380.12	1.02154220936911	-2.18101107424227	2.40189074422536	-0.908039251779405	0.363857483907145	NA
ENSG00000128268.11	0.611054627442907	-2.7185695475061	2.99876760990976	-0.906562261951305	0.364638325806094	NA
ENSG00000185686.17	0.671892453444068	-2.839721788418	3.15479617789802	-0.90012844833293	0.368051898231142	NA
ENSG00000185386.14	0.636020935052268	2.88329920356817	3.21259017780836	0.897499850271959	0.369452253267608	NA
ENSG00000237015.1	3.44322009624489	-1.20375730634472	1.34395659287849	-0.895681685497375	0.370422794632092	0.705676748752727
ENSG00000236003.1	1.90996550529593	-1.52371390847418	1.70985477907025	-0.891136444524672	0.372855975353833	0.705676748752727
ENSG00000070371.15	1.54675598499233	-1.89323326051633	2.1265356275023	-0.89028993261684	0.373310225449395	0.705676748752727
ENSG00000188064.9	0.654911012154079	-2.80830870548662	3.18407285525018	-0.881986321655934	0.377784204210657	NA
ENSG00000206140.9	0.654911012154079	-2.80830870548662	3.18407285525018	-0.881986321655934	0.377784204210657	NA
ENSG00000280224.1	0.654911012154079	-2.80830870548662	3.18407285525018	-0.881986321655934	0.377784204210657	NA
ENSG00000226287.7	1.06292521854749	-2.24454506711422	2.54567336719799	-0.881709765296706	0.37793377881466	NA
ENSG00000237476.1	0.983843349679796	2.26397594772758	2.56892677757514	0.881292517751165	0.378159514819101	NA
ENSG00000235246.1	13.0543857995521	0.560468386954943	0.643931628055144	0.870384933021097	0.384090077824288	0.717611746473418
ENSG00000183785.14	0.937785235751866	-2.11917674822131	2.4404361069797	-0.868359856732334	0.385197363627391	NA
ENSG00000128159.11	1.50046887863022	-1.80087772199058	2.0753924009907	-0.867728782822427	0.385542825112016	0.717611746473418
ENSG00000182257.6	8.71971279542237	0.744701870923456	0.860805049985773	0.86512256280997	0.386971521989079	0.717611746473418
ENSG00000100170.9	0.713275462622442	-2.92118689057826	3.37806490110469	-0.864751559279687	0.387175163706839	NA
ENSG00000100297.15	0.713275462622442	-2.92118689057826	3.37806490110469	-0.864751559279687	0.387175163706839	NA
ENSG00000100346.17	0.713275462622442	-2.92118689057826	3.37806490110469	-0.864751559279687	0.387175163706839	NA
ENSG00000226954.1	0.713275462622442	-2.92118689057826	3.37806490110469	-0.864751559279687	0.387175163706839	NA
ENSG00000185133.13	0.630509444265694	-2.75751419598934	3.20685932330018	-0.859880000333655	0.389855194112207	NA
ENSG00000128298.16	3.68047408776254	1.03262775913273	1.20295381282757	0.858410146858018	0.390666026608773	0.719906577335663
ENSG00000186716.19	0.939485675848226	-2.08995667957722	2.43738573312055	-0.857458321503129	0.391191639308656	NA
ENSG00000232754.1	8.59993625364926	-0.721435165546924	0.845987714670948	-0.852772626642139	0.393785406635693	0.721119525901612
ENSG00000189306.10	0.943296726538439	2.22953501601156	2.63049575498952	0.847572177899386	0.396676274328355	NA
ENSG00000184792.15	4.70529518950906	-0.923378456984721	1.09100478290522	-0.846356011864464	0.397354169821401	0.723135228308512
ENSG00000176635.17	1.08238003537027	-2.27626850475224	2.73154472759683	-0.833326462406077	0.404660635930354	NA
ENSG00000100284.20	1.0400060709314	-2.2769311430808	2.7681165432663	-0.82255609815983	0.410760472972626	NA
ENSG00000243156.7	1.0400060709314	-2.2769311430808	2.7681165432663	-0.82255609815983	0.410760472972626	NA
ENSG00000186951.16	3.58209525268924	1.07390233928165	1.30939974709087	0.820148576985427	0.412131412645579	0.745398172254041
ENSG00000225225.1	1.88902826820084	-1.39799463861829	1.73081814597832	-0.807707408121776	0.419259037971221	0.750265126776013
ENSG00000025708.12	8.9604076667356	0.618310399707744	0.766640774596229	0.806519063681935	0.419943620448008	0.750265126776013
ENSG00000272600.1	5.91657283691031	-0.744581878627929	0.934522137435489	-0.796751461309634	0.425595390097618	0.754973496935473
ENSG00000273300.1	5.1231602441518	-0.874835097279584	1.10308845152744	-0.793077922326358	0.427732424884944	0.754973496935473
ENSG00000100228.12	1.77473008891505	-1.31825340431783	1.69752985054795	-0.776571560077312	0.437411586113969	0.767434698990377
ENSG00000100403.11	1.34728186241757	-1.73675315412373	2.33545588202701	-0.743646312263605	0.457090477375416	0.795870067559994
ENSG00000280011.1	1.32782704559478	-1.71170260897276	2.31183118196482	-0.740409863110328	0.459051335896379	0.795870067559994
ENSG00000272669.1	1.74433329977269	1.38585669381242	1.91152760083047	0.724999572703175	0.468452292564473	0.807391304243474
ENSG00000205702.10	1.16491706129284	1.51051657139904	2.1347076305834	0.707598806393094	0.479194434300389	0.818360644333816
ENSG00000233388.2	0.47411877096567	-2.3462573785794	3.31839514023001	-0.707045809624943	0.47953801031261	NA
ENSG00000250479.8	0.47411877096567	-2.3462573785794	3.31839514023001	-0.707045809624943	0.47953801031261	NA
ENSG00000241878.9	3.94579623800463	0.805939011879367	1.14549199562283	0.703574546971111	0.481697767012037	0.818360644333816
ENSG00000100364.18	0.515501780144044	-2.45446585490038	3.49332951789016	-0.702615038842021	0.482295687792886	NA
ENSG00000166897.14	0.515501780144044	-2.45446585490038	3.49332951789016	-0.702615038842021	0.482295687792886	NA
ENSG00000279442.1	0.515501780144044	-2.45446585490038	3.49332951789016	-0.702615038842021	0.482295687792886	NA
ENSG00000280623.1	0.515501780144044	-2.45446585490038	3.49332951789016	-0.702615038842021	0.482295687792886	NA
ENSG00000099889.13	1.36028671118375	-1.52857709998273	2.18003254119445	-0.701171689457998	0.48319587532338	0.818360644333816
ENSG00000227813.1	0.487545741798341	2.49775530820444	3.56403860683174	0.700821619445034	0.483414344221456	NA
ENSG00000237438.6	0.487545741798341	2.49775530820444	3.56403860683174	0.700821619445034	0.483414344221456	NA
ENSG00000232305.1	0.487609192398919	2.49628032161273	3.56384189850009	0.700446426274784	0.483648551292112	NA
ENSG00000272834.1	0.802549819370989	-1.80094277003189	2.5906673032898	-0.695165592179641	0.486951532628001	NA
ENSG00000100156.10	7.57232439981547	0.566624884407032	0.823431328722436	0.688126458931503	0.491373149788202	0.827427200505421
ENSG00000273032.1	1.99577553125118	-1.12583315009967	1.65765847643637	-0.679170749646802	0.497029678476647	0.831171550042238
ENSG00000100220.11	0.496046963321256	-2.40554314940005	3.54370063075927	-0.678822338580175	0.49725043789411	NA
ENSG00000279467.1	11.9772508072989	-0.44113477062197	0.652915522761538	-0.675638356331565	0.499270282619228	0.831171550042238
ENSG00000169184.5	0.493573587788458	-2.39750739377976	3.55030332866766	-0.675296494927796	0.499487410377035	NA
ENSG00000183530.13	0.493573587788458	-2.39750739377976	3.55030332866766	-0.675296494927796	0.499487410377035	NA
ENSG00000188130.13	0.493573587788458	-2.39750739377976	3.55030332866766	-0.675296494927796	0.499487410377035	NA
ENSG00000226471.6	0.493573587788458	-2.39750739377976	3.55030332866766	-0.675296494927796	0.499487410377035	NA
ENSG00000242247.10	0.493573587788458	-2.39750739377976	3.55030332866766	-0.675296494927796	0.499487410377035	NA
ENSG00000280025.1	0.493573587788458	-2.39750739377976	3.55030332866766	-0.675296494927796	0.499487410377035	NA
ENSG00000100030.14	0.904061169714664	-1.9526226251038	2.89716115454876	-0.67397791180447	0.500325356643669	NA
ENSG00000225720.6	0.466390484879193	2.44099067183169	3.62442057836417	0.673484387105372	0.500639178258045	NA
ENSG00000228274.3	12.9865935585318	0.438102048446251	0.654102705579953	0.669775625003436	0.503000834229846	0.832133135274447
ENSG00000273350.1	2.93515923941796	-0.87992483556965	1.3215712931301	-0.665817152766365	0.505527979791303	0.832133135274447
ENSG00000099994.10	0.534956596966832	-2.50555181521225	3.77724407456184	-0.663328015281324	0.507120497777022	NA
ENSG00000100058.12	0.534956596966832	-2.50555181521225	3.77724407456184	-0.663328015281324	0.507120497777022	NA
ENSG00000100095.18	0.534956596966832	-2.50555181521225	3.77724407456184	-0.663328015281324	0.507120497777022	NA
ENSG00000100324.13	0.534956596966832	-2.50555181521225	3.77724407456184	-0.663328015281324	0.507120497777022	NA
ENSG00000176177.9	0.534956596966832	-2.50555181521225	3.77724407456184	-0.663328015281324	0.507120497777022	NA
ENSG00000186654.20	0.534956596966832	-2.50555181521225	3.77724407456184	-0.663328015281324	0.507120497777022	NA
ENSG00000188280.11	0.534956596966832	-2.50555181521225	3.77724407456184	-0.663328015281324	0.507120497777022	NA
ENSG00000223704.1	0.534956596966832	-2.50555181521225	3.77724407456184	-0.663328015281324	0.507120497777022	NA
ENSG00000244509.3	0.534956596966832	-2.50555181521225	3.77724407456184	-0.663328015281324	0.507120497777022	NA
ENSG00000279175.1	0.534956596966832	-2.50555181521225	3.77724407456184	-0.663328015281324	0.507120497777022	NA
ENSG00000226772.1	0.508700998717489	2.55244825226271	3.84854438148421	0.663224325680854	0.507186894176705	NA
ENSG00000184949.15	0.861687205275791	-1.95348540854166	2.94553519686211	-0.663202195180935	0.507201065769831	NA
ENSG00000215493.3	6.89235280358701	0.595668321864175	0.904916369790251	0.658257869732474	0.510372444837757	0.833614521088818
ENSG00000100320.22	1.14199791367676	1.40297220970998	2.14016770935866	0.655543116352504	0.512118135822482	0.833614521088818
ENSG00000187860.10	15.6472804851355	-0.393354134402871	0.607447503962619	-0.647552474636684	0.517274444355184	0.837316604771909
ENSG00000189295.13	0.778921186919043	-1.7949674079716	2.78812447271638	-0.643790270318461	0.51971144388891	NA
ENSG00000241954.1	0.778921186919043	-1.7949674079716	2.78812447271638	-0.643790270318461	0.51971144388891	NA
ENSG00000100083.18	3.15914082932642	0.866908135750388	1.34784883750893	0.643179050666093	0.520107925148422	0.837316604771909
ENSG00000235513.1	26.9977784169597	-0.27914060769901	0.441980175960022	-0.631568162740988	0.527669095805172	0.838888868013011
ENSG00000133460.19	2.33695669038945	0.999785049439765	1.58626020323888	0.630278088927888	0.528512656053002	0.838888868013011
ENSG00000100124.12	2.42918226079347	-0.901611043861577	1.43453520250462	-0.628503951863583	0.529673858643028	0.838888868013011
ENSG00000244486.7	1.2063635210718	1.39299470892324	2.23746797683133	0.622576378007419	0.53356293817726	0.840246689498793
ENSG00000198951.11	1.6179132000755	1.15972544556065	1.8760392813073	0.618177592077127	0.536458279276204	0.840246689498793
ENSG00000100330.15	1.67599438124753	-1.12702252687249	1.83543401206765	-0.614035982477449	0.539191549897057	0.840246689498793
ENSG00000100138.13	0.779912142179542	-1.71252724002235	2.80332471671595	-0.610891499586443	0.541271412690668	NA
ENSG00000100399.15	8.41432677354744	-0.512705127096711	0.840792166559068	-0.609788182488605	0.542002130768846	0.840246689498793
ENSG00000240972.1	0.758693434659817	-1.71227036923036	2.82934259879217	-0.605183115668395	0.545057333231176	NA
ENSG00000239713.7	0.771965836269005	1.83836302334078	3.04668143512166	0.603398505058134	0.546243616501623	NA
ENSG00000281538.1	1.5101808741094	-1.13386242113434	1.88467313326469	-0.601622849671671	0.547425215485278	0.841067713025877
ENSG00000207457.1	0.737538177740669	-1.71201162829759	2.85642008122933	-0.599355689853849	0.548935718466336	NA
ENSG00000128285.4	0.432735761787296	-2.23015336881016	3.73206625256382	-0.597565321161732	0.550130009396265	NA
ENSG00000259271.1	0.432735761787296	-2.23015336881016	3.73206625256382	-0.597565321161732	0.550130009396265	NA
ENSG00000100034.13	1.47042896208208	1.08197181578418	1.82292901633531	0.593534803653135	0.552823298209244	0.841067713025877
ENSG00000100422.13	1.4071812111487	1.21729889391646	2.05698072389122	0.591789159605578	0.553991783190619	0.841067713025877
ENSG00000244425.3	1.55255483854827	-1.05749249303058	1.78704096455898	-0.591756156687517	0.554013886054588	0.841067713025877
ENSG00000100078.3	1.65852327381744	1.14023861382745	1.94589662157479	0.585970807074361	0.557895132805015	0.842594195422008
ENSG00000187051.8	0.729457279412551	1.68486838128459	2.88398518517712	0.584215338533758	0.559075443148648	NA
ENSG00000182902.13	4.77779434010222	0.587476913614662	1.03234855395462	0.569068374595201	0.569309739452862	0.855424377741993
ENSG00000272973.1	0.688783755070037	1.63854988689074	2.93943739841935	0.557436565164427	0.577229188696481	NA
ENSG00000130943.6	6.87445303137552	-0.479882864107555	0.863804368853952	-0.55554577102248	0.578521412039049	0.862127113039895
ENSG00000215347.3	2.49271148215149	-0.828848070916707	1.50238699510229	-0.55168746376181	0.581162500403469	0.862127113039895
ENSG00000177989.13	4.01653145457289	0.619787071349316	1.13594994352829	0.54561125239748	0.585333187876661	0.862127113039895
ENSG00000211677.2	0.41080756943171	-2.16134625286074	4.00645715553641	-0.539465709716635	0.589565551388651	NA
ENSG00000277002.1	0.41080756943171	-2.16134625286074	4.00645715553641	-0.539465709716635	0.589565551388651	NA
ENSG00000184470.19	3.99537619765375	0.609734607703413	1.13096469787802	0.539127886880496	0.589798614604701	0.862127113039895
ENSG00000235954.6	15.4301096676418	-0.318797560632163	0.592066311635762	-0.538449079717757	0.590267050472635	0.862127113039895
ENSG00000278948.1	2.14411613208752	-0.913612971468593	1.73548471055715	-0.526431011411959	0.598588773631415	0.862127113039895
ENSG00000128266.8	0.381571414184444	2.11616169955809	4.02498881130946	0.525755921013263	0.599057804259746	NA
ENSG00000273176.1	0.381571414184444	2.11616169955809	4.02498881130946	0.525755921013263	0.599057804259746	NA
ENSG00000196419.12	1.17412776765162	-1.20032635288611	2.28418677935421	-0.525493958609404	0.599239851980264	0.862127113039895
ENSG00000133466.13	1.21232791646133	-1.16959152607187	2.23392993860982	-0.523557836733102	0.600586113848174	0.862127113039895
ENSG00000183066.14	1.49838500042778	-0.948173774052606	1.81824177440791	-0.52147837949734	0.602033563062907	0.862127113039895
ENSG00000189060.5	2.35478467041375	-0.773658163150723	1.49551962974571	-0.517317290768206	0.604934685817243	0.862127113039895
ENSG00000182057.4	1.41462802681053	-0.979137709902852	1.91206556419277	-0.512083752900085	0.608592394838172	0.862127113039895
ENSG00000100075.9	2.29218295371565	-0.764107941523567	1.49418504398129	-0.511387759234681	0.609079564502588	0.862127113039895
ENSG00000239511.2	0.360352706664718	2.04318898531753	4.03102129966013	0.506866333226717	0.612248609482467	NA
ENSG00000268292.1	23.8078203057535	0.259229920350354	0.516307972614422	0.50208389972693	0.615608505017262	0.864212716682134
ENSG00000099937.10	7.5884460473987	0.425008605833986	0.854380627692817	0.497446444896212	0.618874260255039	0.864212716682134
ENSG00000138867.16	2.20771649526255	-0.738291093232296	1.48639654861301	-0.49669860571273	0.619401605813133	0.864212716682134
ENSG00000100266.17	1.03602358606286	1.17874054437592	2.38041473008022	0.495182847543628	0.620471057129425	NA
ENSG00000198832.10	0.643685770538166	-1.38350697651358	2.80967618749929	-0.492407980203923	0.622430958968568	NA
ENSG00000159307.18	0.725742304059053	-1.53509966271026	3.12756517170999	-0.490828992660429	0.623547402312727	NA
ENSG00000167037.18	0.725742304059053	-1.53509966271026	3.12756517170999	-0.490828992660429	0.623547402312727	NA
ENSG00000100307.12	0.625254533712016	1.48537407736182	3.03416296099678	0.489549868103935	0.624452458420588	NA
ENSG00000073169.13	5.48902431805151	0.489968949033058	1.00203343620648	0.488974650275138	0.624859643840746	0.867696093105871
ENSG00000056487.15	0.339133999144992	1.96738532522187	4.03760846473827	0.487265009077447	0.626070541065769	NA
ENSG00000207932.1	0.339133999144992	1.96738532522187	4.03760846473827	0.487265009077447	0.626070541065769	NA
ENSG00000272940.1	0.339133999144992	1.96738532522187	4.03760846473827	0.487265009077447	0.626070541065769	NA
ENSG00000069998.12	0.622530513619019	-1.3835808396143	2.83979648138564	-0.487211266259193	0.626108622169349	NA
ENSG00000278655.1	0.622530513619019	-1.3835808396143	2.83979648138564	-0.487211266259193	0.626108622169349	NA
ENSG00000213707.2	0.339197449745571	1.96505919219936	4.03781593862125	0.486663885147362	0.626496542438755	NA
ENSG00000222915.1	0.339197449745571	1.96505919219936	4.03781593862125	0.486663885147362	0.626496542438755	NA
ENSG00000128242.12	0.704523596539328	-1.53569530230506	3.16084860885719	-0.48584905268851	0.627074192623989	NA
ENSG00000100321.14	0.68336833962018	-1.53629467305884	3.19559348838135	-0.480754100496371	0.630691275605411	NA
ENSG00000128294.15	0.68336833962018	-1.53629467305884	3.19559348838135	-0.480754100496371	0.630691275605411	NA
ENSG00000025770.18	0.356637731311221	-1.91560844002231	4.02467588844685	-0.475965889705856	0.634098679157818	NA
ENSG00000077942.17	0.356637731311221	-1.91560844002231	4.02467588844685	-0.475965889705856	0.634098679157818	NA
ENSG00000099910.16	0.356637731311221	-1.91560844002231	4.02467588844685	-0.475965889705856	0.634098679157818	NA
ENSG00000100024.14	0.356637731311221	-1.91560844002231	4.02467588844685	-0.475965889705856	0.634098679157818	NA
ENSG00000100068.11	0.356637731311221	-1.91560844002231	4.02467588844685	-0.475965889705856	0.634098679157818	NA
ENSG00000100227.17	0.356637731311221	-1.91560844002231	4.02467588844685	-0.475965889705856	0.634098679157818	NA
ENSG00000100280.16	0.356637731311221	-1.91560844002231	4.02467588844685	-0.475965889705856	0.634098679157818	NA
ENSG00000100347.14	0.356637731311221	-1.91560844002231	4.02467588844685	-0.475965889705856	0.634098679157818	NA
ENSG00000100368.13	0.356637731311221	-1.91560844002231	4.02467588844685	-0.475965889705856	0.634098679157818	NA
ENSG00000100385.13	0.356637731311221	-1.91560844002231	4.02467588844685	-0.475965889705856	0.634098679157818	NA
ENSG00000128283.6	0.356637731311221	-1.91560844002231	4.02467588844685	-0.475965889705856	0.634098679157818	NA
ENSG00000128340.14	0.356637731311221	-1.91560844002231	4.02467588844685	-0.475965889705856	0.634098679157818	NA
ENSG00000183579.15	0.356637731311221	-1.91560844002231	4.02467588844685	-0.475965889705856	0.634098679157818	NA
ENSG00000183762.12	0.356637731311221	-1.91560844002231	4.02467588844685	-0.475965889705856	0.634098679157818	NA
ENSG00000187012.10	0.356637731311221	-1.91560844002231	4.02467588844685	-0.475965889705856	0.634098679157818	NA
ENSG00000197182.12	0.356637731311221	-1.91560844002231	4.02467588844685	-0.475965889705856	0.634098679157818	NA
ENSG00000198445.4	0.356637731311221	-1.91560844002231	4.02467588844685	-0.475965889705856	0.634098679157818	NA
ENSG00000206195.10	0.356637731311221	-1.91560844002231	4.02467588844685	-0.475965889705856	0.634098679157818	NA
ENSG00000213923.10	0.356637731311221	-1.91560844002231	4.02467588844685	-0.475965889705856	0.634098679157818	NA
ENSG00000221963.5	0.356637731311221	-1.91560844002231	4.02467588844685	-0.475965889705856	0.634098679157818	NA
ENSG00000224277.5	0.356637731311221	-1.91560844002231	4.02467588844685	-0.475965889705856	0.634098679157818	NA
ENSG00000224435.2	0.356637731311221	-1.91560844002231	4.02467588844685	-0.475965889705856	0.634098679157818	NA
ENSG00000225676.1	0.356637731311221	-1.91560844002231	4.02467588844685	-0.475965889705856	0.634098679157818	NA
ENSG00000230471.1	0.356637731311221	-1.91560844002231	4.02467588844685	-0.475965889705856	0.634098679157818	NA
ENSG00000230866.1	0.356637731311221	-1.91560844002231	4.02467588844685	-0.475965889705856	0.634098679157818	NA
ENSG00000233866.1	0.356637731311221	-1.91560844002231	4.02467588844685	-0.475965889705856	0.634098679157818	NA
ENSG00000234381.1	0.356637731311221	-1.91560844002231	4.02467588844685	-0.475965889705856	0.634098679157818	NA
ENSG00000236858.1	0.356637731311221	-1.91560844002231	4.02467588844685	-0.475965889705856	0.634098679157818	NA
ENSG00000237299.1	0.356637731311221	-1.91560844002231	4.02467588844685	-0.475965889705856	0.634098679157818	NA
ENSG00000274600.1	0.356637731311221	-1.91560844002231	4.02467588844685	-0.475965889705856	0.634098679157818	NA
ENSG00000278890.1	0.356637731311221	-1.91560844002231	4.02467588844685	-0.475965889705856	0.634098679157818	NA
ENSG00000279738.1	0.356637731311221	-1.91560844002231	4.02467588844685	-0.475965889705856	0.634098679157818	NA
ENSG00000280312.1	0.356637731311221	-1.91560844002231	4.02467588844685	-0.475965889705856	0.634098679157818	NA
ENSG00000280418.1	0.356637731311221	-1.91560844002231	4.02467588844685	-0.475965889705856	0.634098679157818	NA
ENSG00000128335.13	0.641985330441806	-1.43192913778521	3.01078715543065	-0.475599590360412	0.63435966728538	NA
ENSG00000224973.5	5.30746340177924	0.463047818177301	0.975955276030502	0.474455981282926	0.635174780734203	0.87785948469397
ENSG00000100288.19	0.317978742225845	1.88609679483767	4.04505383936947	0.466272358721354	0.641020561454069	NA
ENSG00000100410.7	0.317978742225845	1.88609679483767	4.04505383936947	0.466272358721354	0.641020561454069	NA
ENSG00000198355.4	0.317978742225845	1.88609679483767	4.04505383936947	0.466272358721354	0.641020561454069	NA
ENSG00000225929.1	0.317978742225845	1.88609679483767	4.04505383936947	0.466272358721354	0.641020561454069	NA
ENSG00000280080.1	1.84627086565589	-0.767301615157198	1.66434204345366	-0.461023993340322	0.644781391172745	0.883850393439237
ENSG00000184068.2	27.9710406368356	-0.199312486630511	0.433322644959605	-0.459963237437295	0.645542608177464	0.883850393439237
ENSG00000075234.16	0.337182914488433	-1.84405120643034	4.03057216742088	-0.457515987763674	0.64730021345721	NA
ENSG00000100353.17	0.337182914488433	-1.84405120643034	4.03057216742088	-0.457515987763674	0.64730021345721	NA
ENSG00000100425.18	0.337182914488433	-1.84405120643034	4.03057216742088	-0.457515987763674	0.64730021345721	NA
ENSG00000128311.13	0.337182914488433	-1.84405120643034	4.03057216742088	-0.457515987763674	0.64730021345721	NA
ENSG00000138964.16	0.337182914488433	-1.84405120643034	4.03057216742088	-0.457515987763674	0.64730021345721	NA
ENSG00000196576.14	0.337182914488433	-1.84405120643034	4.03057216742088	-0.457515987763674	0.64730021345721	NA
ENSG00000202019.1	0.337182914488433	-1.84405120643034	4.03057216742088	-0.457515987763674	0.64730021345721	NA
ENSG00000215012.8	0.337182914488433	-1.84405120643034	4.03057216742088	-0.457515987763674	0.64730021345721	NA
ENSG00000237977.1	0.337182914488433	-1.84405120643034	4.03057216742088	-0.457515987763674	0.64730021345721	NA
ENSG00000242082.1	0.337182914488433	-1.84405120643034	4.03057216742088	-0.457515987763674	0.64730021345721	NA
ENSG00000272798.1	0.337182914488433	-1.84405120643034	4.03057216742088	-0.457515987763674	0.64730021345721	NA
ENSG00000273428.3	0.337182914488433	-1.84405120643034	4.03057216742088	-0.457515987763674	0.64730021345721	NA
ENSG00000278920.1	0.337182914488433	-1.84405120643034	4.03057216742088	-0.457515987763674	0.64730021345721	NA
ENSG00000100429.17	0.990644131106352	-1.14528996906711	2.57373412170035	-0.444991562807764	0.656325851434646	NA
ENSG00000213888.3	0.645449661235104	-1.3350599853109	3.00230751455972	-0.444677961480133	0.656552498081579	NA
ENSG00000008735.13	0.296823485306697	1.80125547984158	4.05326833686882	0.444395813486423	0.656756439717849	NA
ENSG00000235776.2	0.642976285702306	-1.32616377863959	3.00611224880316	-0.441155774927427	0.659100227484528	NA
ENSG00000100162.14	0.317728097665646	-1.76977362243214	4.03699939879194	-0.438388378993007	0.661104769136834	NA
ENSG00000280383.1	2.23383929996601	-0.730748914255507	1.67929785034321	-0.435151461729173	0.663452491679588	0.89619062047021
ENSG00000100106.19	0.315254722132847	-1.75713845263523	4.03812490212981	-0.435137222156866	0.663462826907228	NA
ENSG00000159873.9	0.315254722132847	-1.75713845263523	4.03812490212981	-0.435137222156866	0.663462826907228	NA
ENSG00000184117.11	0.315254722132847	-1.75713845263523	4.03812490212981	-0.435137222156866	0.663462826907228	NA
ENSG00000184702.17	0.315254722132847	-1.75713845263523	4.03812490212981	-0.435137222156866	0.663462826907228	NA
ENSG00000225282.1	2.21195376149228	-0.700903057307017	1.6165360426092	-0.433583315702453	0.664591052580027	0.89619062047021
ENSG00000178026.12	2.47353993462504	0.615090002020713	1.4231407907739	0.432206009418245	0.665591692096753	0.89619062047021
ENSG00000227370.1	0.600602321263432	-1.32576660747634	3.07827604501115	-0.430684769036539	0.666697594935063	NA
ENSG00000230736.2	1.30086196250958	0.813906632908824	1.89989344957932	0.428395936145282	0.668362882874818	0.89619062047021
ENSG00000073150.13	0.604099276792869	1.42517044621675	3.33390840115255	0.427477385318704	0.66903165338386	NA
ENSG00000130638.15	0.968715938750765	-1.10541917311404	2.59083968085578	-0.426664444458759	0.669623751409825	NA
ENSG00000100225.17	1.51017498176467	0.920844792091027	2.15980609333216	0.426355307975979	0.669848962057938	0.89619062047021
ENSG00000237037.9	0.623521468879518	-1.27558654534559	3.03704279654082	-0.420009407440185	0.674478581336587	NA
ENSG00000198792.12	0.295799905310059	-1.67941105107245	4.04526191146956	-0.415155084596824	0.67802837680217	NA
ENSG00000205643.10	0.295799905310059	-1.67941105107245	4.04526191146956	-0.415155084596824	0.67802837680217	NA
ENSG00000225335.3	11.8863713092059	0.279741390879765	0.675821638801457	0.413927839564112	0.678926954707926	0.904207262406466
ENSG00000100219.16	2.41177460396396	0.600181356382257	1.47637151688242	0.406524610857861	0.684357177629441	0.90731517215125
ENSG00000093009.9	1.01108990318964	-0.972293494123664	2.3981068155855	-0.405442112838613	0.685152560813937	NA
ENSG00000161132.6	1.01108990318964	-0.972293494123664	2.3981068155855	-0.405442112838613	0.685152560813937	NA
ENSG00000100036.12	5.20418222506593	-0.407702441411857	1.03315043362638	-0.394620597487251	0.693122910130857	0.914797354361896
ENSG00000184113.9	0.273871712954473	-1.5846355050868	4.05448102159656	-0.390835595640008	0.695918761986322	NA
ENSG00000211658.2	0.273871712954473	-1.5846355050868	4.05448102159656	-0.390835595640008	0.695918761986322	NA
ENSG00000279494.1	0.273871712954473	-1.5846355050868	4.05448102159656	-0.390835595640008	0.695918761986322	NA
ENSG00000235989.3	20.3445680510257	-0.19650096731122	0.512403527419828	-0.38348870918334	0.70135744033887	0.918648489960625
ENSG00000100393.9	1.35798481315725	-0.876385699476367	2.29299035274137	-0.382202087517992	0.702311473553516	0.918648489960625
ENSG00000099977.13	0.93150674520155	-0.927943100505741	2.45797952780506	-0.37752271327271	0.705785188245366	NA
ENSG00000100211.10	5.16963675885125	-0.379323930905287	1.0311065953652	-0.367880423430847	0.712962398028325	0.927689187954078
ENSG00000214076.3	1.40035877759612	-0.780819525566588	2.14291573732276	-0.364372481832673	0.715579881475618	0.927689187954078
ENSG00000236890.2	0.580374569004206	-1.2077549415859	3.3826160177102	-0.357047603175326	0.721056169066605	NA
ENSG00000242259.8	1.25576397797771	-0.717184974584667	2.01450939342123	-0.356009744569459	0.721833267555077	0.927689187954078
ENSG00000128203.6	4.15113868063222	-0.430443671683321	1.21214615313759	-0.355108722301461	0.722508142499122	0.927689187954078
ENSG00000182944.17	1.32083907020861	-0.744314197954466	2.11625842589031	-0.351712337608925	0.725054006967522	0.927689187954078
ENSG00000278881.1	2.24313510905138	0.503451373293829	1.47625820622769	0.341032057379925	0.733079448498902	0.931622660326665
ENSG00000172346.14	13.6624891700116	0.211684137359083	0.628950574554261	0.336567205633136	0.736443181358065	0.931622660326665
ENSG00000273295.1	1.66625155990392	-0.584263243262956	1.74435931653054	-0.334944318940568	0.737667089405414	0.931622660326665
ENSG00000185721.11	0.928323884832891	-0.818787056610588	2.45622422542275	-0.333351918011338	0.738868653315434	NA
ENSG00000099904.15	1.95608706982444	0.521793356576142	1.59114017710396	0.327936761376901	0.742959477760202	0.934279514951671
ENSG00000252412.1	0.78263616227254	0.829803117321167	2.61610566364385	0.317190214773425	0.751099274351214	NA
ENSG00000228839.5	0.930733809765111	-0.818773082705028	2.59273587370899	-0.315795022164656	0.752158096661184	NA
ENSG00000235347.1	1.94564065598969	-0.559688565394468	1.77733276570296	-0.314903644491752	0.75283481438166	0.942652139375326
ENSG00000185022.11	1.64432336754833	-0.561196423608548	1.83010639983405	-0.306646883295658	0.759112163976899	0.946467506575453
ENSG00000040608.13	0.517516315401181	1.00189692325926	3.28310341361752	0.30516764080706	0.76023847652268	NA
ENSG00000100167.19	0.517516315401181	1.00189692325926	3.28310341361752	0.30516764080706	0.76023847652268	NA
ENSG00000100276.9	0.517516315401181	1.00189692325926	3.28310341361752	0.30516764080706	0.76023847652268	NA
ENSG00000184076.12	0.517516315401181	1.00189692325926	3.28310341361752	0.30516764080706	0.76023847652268	NA
ENSG00000225783.6	0.517516315401181	1.00189692325926	3.28310341361752	0.30516764080706	0.76023847652268	NA
ENSG00000237347.2	0.517516315401181	1.00189692325926	3.28310341361752	0.30516764080706	0.76023847652268	NA
ENSG00000260613.1	0.517516315401181	1.00189692325926	3.28310341361752	0.30516764080706	0.76023847652268	NA
ENSG00000206203.4	6.48039791079962	0.262563298608617	0.876211235395643	0.299657534624125	0.764438393279638	0.948747270804335
ENSG00000279278.1	13.3791988835716	0.184363387346401	0.626331094117318	0.294354518046437	0.768487017454025	0.948747270804335
ENSG00000213790.2	1.11029427524142	0.710758969575904	2.43426931851233	0.291980416534303	0.770301597218132	NA
ENSG00000272682.1	0.888321328245373	0.712430627180923	2.50791817709498	0.284072516275694	0.776354808537026	NA
ENSG00000188636.3	0.517452864800603	1.00544827202646	3.54985147953869	0.28323671506311	0.776995385612757	NA
ENSG00000279080.1	23.8359285074088	-0.135642319355874	0.479771419027126	-0.282722800851556	0.77738933648566	0.948747270804335
ENSG00000100336.17	0.496297607881455	0.929727082199781	3.33231419538441	0.279003427554204	0.78024219436805	NA
ENSG00000261251.1	0.496297607881455	0.929727082199781	3.33231419538441	0.279003427554204	0.78024219436805	NA
ENSG00000172250.14	21.8337493832778	0.140965855315342	0.507438951176817	0.277798649450192	0.781166927976679	0.948747270804335
ENSG00000100418.7	1.66903903059749	0.535837442781628	1.9352945954106	0.276876421838993	0.781874997736886	0.948747270804335
ENSG00000100056.11	0.476842791058668	0.92926152922356	3.37944839366288	0.274974321539014	0.783335966569164	NA
ENSG00000100401.19	0.476069855622229	1.00549696539692	3.66203376008979	0.274573374051109	0.783644024783693	NA
ENSG00000100012.11	0.547423438403443	-0.945846283853166	3.47683998733971	-0.272041936729126	0.785589774023038	NA
ENSG00000185252.17	0.547423438403443	-0.945846283853166	3.47683998733971	-0.272041936729126	0.785589774023038	NA
ENSG00000185666.14	0.547423438403443	-0.945846283853166	3.47683998733971	-0.272041936729126	0.785589774023038	NA
ENSG00000235478.4	0.547423438403443	-0.945846283853166	3.47683998733971	-0.272041936729126	0.785589774023038	NA
ENSG00000236117.1	0.547423438403443	-0.945846283853166	3.47683998733971	-0.272041936729126	0.785589774023038	NA
ENSG00000128284.19	0.526204730883717	-0.946767613806543	3.52816688950657	-0.268345473288808	0.788433406670657	NA
ENSG00000161103.11	0.526204730883717	-0.946767613806543	3.52816688950657	-0.268345473288808	0.788433406670657	NA
ENSG00000185339.8	0.526204730883717	-0.946767613806543	3.52816688950657	-0.268345473288808	0.788433406670657	NA
ENSG00000128254.12	5.21890442221128	-0.260755717718824	0.978793133009561	-0.266405340336891	0.789927052804257	0.948747270804335
ENSG00000232564.2	7.13293751510235	-0.22376750656494	0.844575638689876	-0.26494667418072	0.79105054191577	0.948747270804335
ENSG00000138942.15	0.50504947396457	-0.947691839997505	3.58220646059987	-0.264555337728582	0.791352029783369	NA
ENSG00000273192.1	27.299373894432	-0.119034177845381	0.452342609144399	-0.263150486907551	0.79243459184512	0.948747270804335
ENSG00000100109.16	32.3058193654362	0.105410036729459	0.401409339207578	0.262599861123183	0.792859007111697	0.948747270804335
ENSG00000133477.16	0.485594657141782	-0.876293659659769	3.35646405471438	-0.261076432035361	0.794033566070086	NA
ENSG00000184708.17	21.4995206352499	0.129685418066144	0.506681886115406	0.255950373636617	0.797989157209809	0.948747270804335
ENSG00000100097.11	0.833480522369889	-0.643592475671585	2.56319318956517	-0.251090116145621	0.80174443735098	NA
ENSG00000280424.1	1.91191658995249	-0.387664094541078	1.57428333229461	-0.246247982550915	0.805490274132738	0.948747270804335
ENSG00000093072.15	2.42385207162179	-0.397457066518102	1.62377770198797	-0.244773078255417	0.80663214034837	0.948747270804335
ENSG00000186976.14	0.928994852587887	0.69519905456045	2.84201027102305	0.244615250567056	0.806754354504901	NA
ENSG00000273366.1	1.3752595528893	0.47463980893996	1.94891141053823	0.243540987226751	0.807586337480757	0.948747270804335
ENSG00000100316.15	1.78744757491186	0.39132419594305	1.62243743931741	0.241195245166241	0.809403795941919	0.948747270804335
ENSG00000233903.2	1.13129496293709	0.48462275998328	2.01041146367791	0.241056504471326	0.80951132321189	0.948747270804335
ENSG00000100376.11	0.506040429225069	-0.794139297941282	3.30894350141693	-0.239997841486633	0.810331929956132	NA
ENSG00000227117.6	0.506040429225069	-0.794139297941282	3.30894350141693	-0.239997841486633	0.810331929956132	NA
ENSG00000251322.7	0.506040429225069	-0.794139297941282	3.30894350141693	-0.239997841486633	0.810331929956132	NA
ENSG00000253352.8	0.506040429225069	-0.794139297941282	3.30894350141693	-0.239997841486633	0.810331929956132	NA
ENSG00000236132.1	0.484821721705343	-0.794247249129108	3.35899259443033	-0.236454004229149	0.813080394669479	NA
ENSG00000183773.15	1.19306029359817	0.513037331371346	2.21771937247787	0.231335550267628	0.817054130489668	0.95134826045962
ENSG00000100249.4	0.475142350962308	0.845204636175797	3.66605822850989	0.230548612022276	0.817665493726049	NA
ENSG00000128245.14	0.475142350962308	0.845204636175797	3.66605822850989	0.230548612022276	0.817665493726049	NA
ENSG00000234892.1	0.475142350962308	0.845204636175797	3.66605822850989	0.230548612022276	0.817665493726049	NA
ENSG00000237517.8	0.854699229889614	-0.581803835931942	2.54074138455996	-0.228989789935943	0.818876851759296	NA
ENSG00000277232.2	0.854699229889614	-0.581803835931942	2.54074138455996	-0.228989789935943	0.818876851759296	NA
ENSG00000099942.12	0.781645207012041	0.596428956693715	2.61023232761519	0.228496502163328	0.819260275076369	NA
ENSG00000184436.11	1.80690239173465	0.367587381108906	1.61853810781861	0.22711073612244	0.820337635946593	0.95134826045962
ENSG00000100359.20	6.46918364179383	-0.211438971724233	0.946725391804504	-0.223337172061289	0.823273098671977	0.95134826045962
ENSG00000100263.13	1.4597260113424	0.396341196252745	1.79366433347439	0.220967317494137	0.825117880839537	0.95134826045962
ENSG00000223461.1	4.10286377140438	0.238220181532952	1.09792622283889	0.216972849885113	0.828229503580113	0.95134826045962
ENSG00000100029.17	0.486585612402281	-0.722860023166831	3.35557292690236	-0.215420745998844	0.829439296713078	NA
ENSG00000264073.1	0.486585612402281	-0.722860023166831	3.35557292690236	-0.215420745998844	0.829439296713078	NA
ENSG00000182858.13	4.3008028721648	-0.235097372859742	1.11479634812671	-0.210888179939589	0.832974527755733	0.95134826045962
ENSG00000279345.1	4.48510790888755	-0.235052048052857	1.12472550705608	-0.208986145133398	0.834459054396322	0.95134826045962
ENSG00000128276.10	1.50287291121772	0.384967472616224	1.88495622201529	0.204231519077211	0.83817258174049	0.951878164534742
ENSG00000228599.1	2.39952578235141	0.281410329009647	1.41281647484539	0.199183923757998	0.842118874443457	0.952667298115571
ENSG00000100281.13	1.15943819524241	-0.426043692090604	2.23861707265566	-0.190315573527361	0.849061850763173	0.954524124199199
ENSG00000236540.7	22.1508037786859	0.0886060936263847	0.487749037908999	0.181663287345974	0.855846978953752	0.954524124199199
ENSG00000187045.16	1.12959452284073	0.402543982043242	2.25246265946591	0.178712832530902	0.858163192501811	0.954524124199199
ENSG00000177993.3	3.58315555089504	0.218182709528458	1.22774210651547	0.177710537392658	0.858950309335517	0.954524124199199
ENSG00000100325.14	0.834471477630388	-0.423505712417534	2.41284496232152	-0.175521311576546	0.860670026493384	NA
ENSG00000077935.16	2.73629263399762	-0.254009607965734	1.48374008905556	-0.171195487565088	0.864070055520103	0.954524124199199
ENSG00000231993.1	1.12059201219741	-0.360107269179096	2.11885155867038	-0.169953986491187	0.865046323564633	NA
ENSG00000240160.3	0.793861403888453	-0.440015215669355	2.59788671177199	-0.169374289369695	0.865502245425337	NA
ENSG00000099999.14	6.12110730121241	0.158936657017163	0.94288221050917	0.168564700071428	0.866139048431756	0.954524124199199
ENSG00000131100.12	0.823028216190414	0.456435668474746	2.73587061985714	0.166833791467295	0.86750082954207	NA
ENSG00000075275.16	2.35708836731196	0.246189717969743	1.52263846667651	0.161686259317424	0.871552925633826	0.954524124199199
ENSG00000180957.17	2.24133859361831	-0.238018722405262	1.49525416881504	-0.159182784685956	0.873524866747513	0.954524124199199
ENSG00000100412.15	39.8040602267048	0.0579871678599103	0.366476647855597	0.158228820851797	0.874276494059634	0.954524124199199
ENSG00000178803.10	8.91444738368811	-0.119595061637456	0.773304073124576	-0.154654638186795	0.877093593097718	0.954524124199199
ENSG00000169314.14	23.1422373815948	0.0739018509542605	0.487859369885885	0.151481872678897	0.87959560933032	0.954524124199199
ENSG00000232926.1	3.56361730666577	0.183143150176466	1.24844902247701	0.146696538568389	0.883371550869027	0.955084370496771
ENSG00000100360.14	0.801872959271267	0.390632827275375	2.98790801715767	0.130737902583419	0.895982647736487	NA
ENSG00000100105.17	1.5302432080866	-0.241921630230361	1.8969308933438	-0.127533180612561	0.898518413253515	0.967889320159117
ENSG00000273137.1	11.6574387078793	-0.0785021846185518	0.670427420220235	-0.117092741512219	0.906786561603243	0.971795315229605
ENSG00000183864.4	1.77498073347525	-0.186277406519537	1.62573813493592	-0.114580203611253	0.908777871579904	0.971795315229605
ENSG00000232073.1	1.18164785802263	-0.222954765252304	2.2032952145166	-0.101191507966498	0.919398437777233	0.977683183522663
ENSG00000100335.12	1.71244246737773	-0.166196819136014	1.67490466343895	-0.0992276293474369	0.920957538062303	0.977683183522663
ENSG00000232218.1	0.81430717597174	-0.250253034763823	2.74576039438068	-0.0911416142777705	0.927380066812666	NA
ENSG00000279085.1	3.08295757257217	-0.12562633638402	1.38604947477998	-0.090636256980626	0.927781621581927	0.978971251711022
ENSG00000230741.1	1.26745788397788	0.178793287137113	2.0173595791226	0.0886273765903822	0.929378050320853	0.978971251711022
ENSG00000206739.1	1.20533994107516	-0.188073398179704	2.21043913580318	-0.0850841785839834	0.932194468352816	0.978971251711022
ENSG00000233471.2	0.656152611974778	0.23724370626417	2.81074501341694	0.0844059867158706	0.932733647563518	NA
ENSG00000100221.10	4.51197090073973	-0.0759043403239271	1.05143682473403	-0.0721910613537128	0.942449858620733	0.985215799867159
ENSG00000236867.1	2.40997808853088	-0.0924991195633964	1.40420135406224	-0.0658731166266175	0.94747884390647	0.985215799867159
ENSG00000161149.11	1.05650787522701	-0.152508639161887	2.32622079396429	-0.0655606894915531	0.947727586987781	NA
ENSG00000099968.17	2.88476782725155	-0.0842034431491581	1.35207245412629	-0.0622773157549241	0.950341992809748	0.985215799867159
ENSG00000138944.7	0.675607428797565	0.172845582020907	2.78306708875624	0.0621061499807942	0.95047829947878	NA
ENSG00000128191.13	6.62226099910861	-0.0587865438112097	0.968327717263845	-0.0607093474276662	0.951590687243706	0.985215799867159
ENSG00000273076.1	0.591850455180318	0.188602573232204	3.11898599993526	0.0604691951923219	0.951781949613877	NA
ENSG00000270083.1	1.35198779303157	0.101333510761565	1.87249067496783	0.0541169641676886	0.956841976601264	0.98693168357143
ENSG00000272836.1	3.15023259514812	0.0703226822985615	1.4016116707233	0.0501727288431264	0.959984743405657	0.98693168357143
ENSG00000223730.1	0.654452171878418	0.105153316322245	2.81280193216258	0.0373838325123019	0.970178963446104	NA
ENSG00000235328.1	0.613778647535904	0.104032034112523	2.87434720727011	0.0361932733280775	0.971128249583692	NA
ENSG00000100427.15	0.674616473537066	-0.105005597126255	2.97752634135947	-0.0352660514426589	0.97186759350692	NA
ENSG00000205593.11	1.20392866261986	0.0735044120517773	2.1833960069954	0.0336651765489522	0.973144148310912	0.99179429667595
ENSG00000230912.1	1.41458950972967	0.0635152510371921	2.08667865282633	0.0304384438644459	0.97571738527941	0.99179429667595
ENSG00000196588.14	4.08637768356209	0.0354562320322483	1.17189051745076	0.0302555840364482	0.975863219145082	0.99179429667595
ENSG00000100354.20	1.00233803710652	0.0610304435336929	2.23101724558677	0.027355433336259	0.978176243978747	NA
ENSG00000230513.1	10.2301980641355	0.0205251779981945	0.753013354214439	0.0272573891064746	0.978254442796414	0.99179429667595
ENSG00000099953.9	0.369104572747832	0.102539325275822	4.04669596444372	0.0253390237805813	0.979784547439022	NA
ENSG00000100139.13	0.369104572747832	0.102539325275822	4.04669596444372	0.0253390237805813	0.979784547439022	NA
ENSG00000100150.16	0.369104572747832	0.102539325275822	4.04669596444372	0.0253390237805813	0.979784547439022	NA
ENSG00000197077.12	0.369104572747832	0.102539325275822	4.04669596444372	0.0253390237805813	0.979784547439022	NA
ENSG00000172912.4	0.327721563569459	0.102539082181072	4.0804728567969	0.0251292156031063	0.979951896854996	NA
ENSG00000100116.16	0.347885865228107	0.102539082181072	4.0804728567969	0.0251292156031062	0.979951896854996	NA
ENSG00000128310.2	0.306502856049733	0.102539082181072	4.0804728567969	0.0251292156031062	0.979951896854996	NA
ENSG00000183307.3	0.347885865228107	0.102539082181072	4.0804728567969	0.0251292156031062	0.979951896854996	NA
ENSG00000185340.15	0.347885865228107	0.102539082181072	4.0804728567969	0.0251292156031062	0.979951896854996	NA
ENSG00000185838.13	0.328431048405319	0.102539082181072	4.0804728567969	0.0251292156031062	0.979951896854996	NA
ENSG00000186998.15	0.347885865228107	0.102539082181072	4.0804728567969	0.0251292156031062	0.979951896854996	NA
ENSG00000205560.12	0.347885865228107	0.102539082181072	4.0804728567969	0.0251292156031062	0.979951896854996	NA
ENSG00000206069.5	0.347885865228107	0.102539082181072	4.0804728567969	0.0251292156031062	0.979951896854996	NA
ENSG00000226450.2	0.347885865228107	0.102539082181072	4.0804728567969	0.0251292156031062	0.979951896854996	NA
ENSG00000229673.1	0.347885865228107	0.102539082181072	4.0804728567969	0.0251292156031062	0.979951896854996	NA
ENSG00000261188.1	0.306502856049733	0.102539082181072	4.0804728567969	0.0251292156031062	0.979951896854996	NA
ENSG00000275609.1	0.328431048405319	0.102539082181072	4.0804728567969	0.0251292156031062	0.979951896854996	NA
ENSG00000100243.20	0.326730608308959	0.102539082181072	4.0804728567969	0.0251292156031061	0.979951896854997	NA
ENSG00000128253.13	0.326730608308959	0.102539082181072	4.0804728567969	0.0251292156031061	0.979951896854997	NA
ENSG00000177096.8	0.326730608308959	0.102539082181072	4.0804728567969	0.0251292156031061	0.979951896854997	NA
ENSG00000188677.14	0.326730608308959	0.102539082181072	4.0804728567969	0.0251292156031061	0.979951896854997	NA
ENSG00000202058.1	0.326730608308959	0.102539082181072	4.0804728567969	0.0251292156031061	0.979951896854997	NA
ENSG00000229409.1	0.307275791486171	0.102539082181072	4.0804728567969	0.0251292156031061	0.979951896854997	NA
ENSG00000229608.1	0.326730608308959	0.102539082181072	4.0804728567969	0.0251292156031061	0.979951896854997	NA
ENSG00000272720.1	0.307275791486171	0.102539082181072	4.0804728567969	0.0251292156031061	0.979951896854997	NA
ENSG00000161179.13	0.961727963364589	0.0565223916985239	2.25813775418884	0.0250305330548037	0.98003060937769	NA
ENSG00000232897.2	1.04542148638126	0.0550475229637422	2.33090308173082	0.0236163928887453	0.981158596163789	NA
ENSG00000100181.21	1.30784993789576	-0.0350797284576052	2.11237800734497	-0.0166067476254862	0.986750341474726	0.994475033405429
ENSG00000227413.1	1.43398087595188	0.0315171115875432	2.21390072695496	0.0142360094126228	0.988641691536823	0.994475033405429
ENSG00000279548.1	0.633233464358692	0.0394592324274211	2.84418973054419	0.0138736287539689	0.988930800911469	NA
ENSG00000241717.1	0.612078207439544	-0.0395530393413939	3.08170269982708	-0.0128348004963663	0.989759591997729	NA
ENSG00000235091.1	0.716990437975939	0.0342238522275196	2.91419071129103	0.0117438615444485	0.990629969573059	NA
ENSG00000099958.14	3.57499711750517	-0.0135893778792631	1.21565562697436	-0.0111786410375821	0.991080920663431	0.994475033405429
ENSG00000234884.1	0.676380364234004	0.0297752370357554	2.78187602481764	0.0107032940253717	0.99146017000227	NA
ENSG00000272787.1	1.02426622946211	0.0122047459535723	2.21724950527258	0.00550445311840173	0.995608104019521	NA
ENSG00000100345.20	1.67695451064359	-0.00471840989631662	1.81658420966802	-0.00259740774537444	0.997927570792139	0.997927570792139
